function [ ratt, par ] =  oil_used_initRuleGivenData( )
%UNTITLED2 此处显示有关此函数的摘要
%   此处显示详细说明

preN = 2;%前提属性个数
preNE = [8 7];%每个前提属性候选值个数
rNum = prod(preNE);%规则数
BNum = 5;%等级评价数量

prAwFlag = false;%前提属性权重是否参与训练
prAFlag = true;%前提属性候选值是否参与训练
uFlag = false;%期望值是否参与训练

gB = zeros(rNum, BNum) ;%每条规则的beta，行数是规则编号，矩阵大小为rNum * BNum
gwR = zeros(1, rNum);%规则权重，矩阵大小为1*rNum
gu = zeros(1, BNum);%期望值，矩阵大小为1*BNum
gPraW = zeros(1, preN);%前提属性权重，矩阵大小为1*preN
gPraA = cell(1,preN);%前提属性候选值采用细胞矩阵，每个元存储候选值数组，矩阵大小为1*preN



gB = [
    0.0254	0.0431	0.1323	0.3072	0.4920	
0.1604	0.1875	0.2771	0.1987	0.1764	
0.1999	0.2605	0.2327	0.2120	0.0950	
0.2530	0.2813	0.2691	0.1692	0.0274	
0.3245	0.2658	0.2357	0.1538	0.0202	
0.0998	0.1871	0.2738	0.2894	0.1499	
0.1544	0.1768	0.1863	0.2367	0.2457	
0.5667	0.1792	0.1633	0.0531	0.0377	
0.1365	0.3946	0.2347	0.1680	0.0662	
0.0037	0.0048	0.0212	0.0521	0.9183	
0.0181	0.0920	0.1206	0.1212	0.6481	
0.0025	0.0317	0.0492	0.2795	0.6371	
0.4163	0.1982	0.1516	0.1513	0.0826	
0.1106	0.1444	0.1626	0.1957	0.3866	
0.0721	0.1031	0.2983	0.3104	0.2162	
0.2884	0.2138	0.1852	0.1778	0.1348	
0.2952	0.6289	0.0698	0.0046	0.0015	
0.0939	0.0947	0.1630	0.1935	0.4548	
0.0298	0.0363	0.0531	0.3839	0.4969	
0.1401	0.2469	0.2373	0.2093	0.1664	
0.1136	0.1209	0.1565	0.1968	0.4122	
0.1783	0.2360	0.2374	0.2298	0.1186	
0.2163	0.2341	0.2307	0.1765	0.1424	
0.0035	0.0058	0.0132	0.0446	0.9329	
0.4221	0.4103	0.1373	0.0188	0.0115	
0.0096	0.2082	0.2361	0.3615	0.1846	
0.3962	0.2857	0.2187	0.0953	0.0041	
0.0858	0.1725	0.1851	0.1901	0.3665	
0.3488	0.2413	0.1544	0.1309	0.1246	
0.1460	0.1464	0.1875	0.2199	0.3001	
0.1777	0.1813	0.2550	0.2360	0.1500	
0.9960	0.0040	0.0000	0.0000	0.0000	
0.5035	0.2565	0.1172	0.0804	0.0424	
0.3214	0.3337	0.1879	0.1053	0.0517	
0.4600	0.1801	0.1342	0.1137	0.1120	
0.1323	0.1330	0.1785	0.2719	0.2843	
0.2634	0.2701	0.1950	0.1698	0.1017	
0.0913	0.1139	0.1139	0.3281	0.3528	
0.1161	0.1900	0.2011	0.2239	0.2689	
0.1226	0.2406	0.2386	0.2172	0.1811	
0.3738	0.2974	0.1491	0.1435	0.0362	
0.5129	0.1703	0.1261	0.0961	0.0946	
0.3345	0.2250	0.1746	0.1354	0.1305	
0.0339	0.1417	0.1690	0.3163	0.3391	
0.4343	0.2510	0.1587	0.0813	0.0747	
0.3889	0.2573	0.2224	0.1248	0.0066	
0.3372	0.2562	0.1689	0.1213	0.1163	
0.5135	0.1462	0.1170	0.1128	0.1105	
0.0176	0.2059	0.2084	0.2575	0.3106	
0.2572	0.3009	0.3025	0.1347	0.0047	
0.1273	0.1489	0.1868	0.2376	0.2993	
0.3831	0.1954	0.1687	0.1367	0.1161	
0.3731	0.1723	0.1662	0.1558	0.1326	
0.1756	0.1924	0.1927	0.2058	0.2336	
0.0534	0.0910	0.2011	0.2031	0.4514	
0.1533	0.1577	0.2136	0.3068	0.1685
    ];

gwR = [
    0.5641 0.3867	0.8535	0.3186	0.2892	0.6386	0.4041	0.0806	0.4856	0.7299	0.6208	0.2147	0.3102	0.6183	0.6638	0.2431	0.9783	0.9827	0.1859	0.7390	0.1142	0.5539	0.4034	0.9577	0.6095	0.9946	0.7858	0.3565	0.2280	0.6945	0.0008	0.6447	0.0007	0.4214	0.5358	0.7376	0.2791	0.0004	0.0005	0.0011	0.2155	0.8596	0.8815	0.3759	0.2342	0.9210	0.5435	0.4932	0.1456	0.3182	0.4092	0.4848	0.7062	0.8144	0.7302	0.7804
    ];
gu = [0.0000 0.0006 3.2345 5.3126 8.0000];
gPraW = [1.0000  1.0000];
gPraA = {[-10.0000 -7.7215 -2.5736 -1.2318 -0.6582 1.4597 1.5923 3.0000],[-0.0420 -0.0170 -0.0152 -0.0035 0.0217 0.0322 0.0420]};

if (size(gB,1) ~= rNum || size(gB,2) ~= BNum)
    error('置信度矩阵gB出错');
end

if size(gwR, 2) ~= rNum;
    error('规则权重gwR出错');
end

if size(gu, 2) ~= BNum;
    error('期望gu出错');
end

if size(gPraW, 2) ~= preN;
    error('前提属性权重gPraW出错');
end

for i = 1:preN
    if (size(gPraA{i},2) ~= preNE(i))
        error('前提属性候选值gPreN出错');
    end
end

ratt.u = gu;
prA(preN).a = [];
prA(preN).w = 0;
for i = 1:preN
    prA(i).a = gPraA{i};
    prA(i).w = gPraW(i);
end

rule(rNum).wR = 0;
rule(rNum).B = [];
for i = 1:rNum
    rule(i).B = gB(i,:);
    rule(i).wR = gwR(i);
end

ratt.prA = prA;
ratt.rule = rule;

par.preNE = preNE;
par.BNum = BNum;
par.prA = prA;
par.prAFlag = prAFlag;
par.uFlag = uFlag;
par.prAwFlag= prAwFlag;
par.u = gu;

